Date,Open,High,Low,Close,Volume,signal,bull_patterns,bear_patterns
2024-09-25,16.21390537332374,16.260177227048427,15.889997101776714,15.964033126831056,2739500.0,[],[],[]
2024-09-26,16.204651896516406,16.565577325785252,16.167632998561544,16.417505264282227,5135900.0,[],[],[]
2024-09-27,16.565574392547134,16.713646427831296,16.3157021710709,16.3249568939209,4672300.0,[],[],[]
2024-09-30,16.287940141639567,16.371230884043946,16.065832083613866,16.25092124938965,3293400.0,[],[],[]
2024-10-01,16.250922503271877,16.250922503271877,15.899251825553266,15.964033126831056,2774100.0,[],[],[]
2024-10-02,15.991797483311323,16.852465622598466,15.964033311660218,16.45452308654785,6212800.0,[],[],[]
2024-10-03,16.287940788725944,16.361976811009146,16.065832721876347,16.167631149291992,3144000.0,[],[],[]
2024-10-04,16.482286570545025,16.63035863204805,16.287942651756634,16.417505264282227,3215300.0,[],[],[]
2024-10-07,16.371231187617386,16.380485910851476,16.04732293505608,16.30644989013672,3387900.0,[],[],[]
2024-10-08,16.352721493338922,16.352721493338922,16.028813245686145,16.065832138061523,3581500.0,[],[],[]
2024-10-09,16.102849034695566,16.491538573281506,16.02881301616291,16.445266723632812,3652300.0,[],[],[]
2024-10-10,16.278685878776145,16.45452209161828,16.18614041069302,16.361976623535156,2480200.0,[],[],[]
2024-10-11,16.565576900246253,16.658122377597874,16.260178060596616,16.371232986450195,3481200.0,[],[],[]
2024-10-14,16.297197643347555,16.4452697072774,16.20465216210184,16.40825080871582,5449500.0,[],[],[]
2024-10-15,16.547065253582137,16.741410906718894,16.371230811646416,16.38048553466797,4632700.0,[],[],[]
2024-10-16,16.54706705954366,16.82470348501795,16.510049928575295,16.815448760986328,2181300.0,[],[],[]
2024-10-17,16.90799495514026,16.982030985383425,16.796940027196428,16.91724967956543,3493600.0,[],[],[]
2024-10-18,17.000537977392096,17.389227521286575,16.861718896234255,17.241153717041016,4376800.0,[],[],[]
2024-10-21,17.11159142188544,17.29668235654467,16.6025939993095,16.6766300201416,6702000.0,[],[],[]
2024-10-22,16.51004988875329,17.000539670297464,16.315704214874234,16.695140838623047,7079900.0,[],[],[]
2024-10-23,16.6396125873135,16.65812203543527,15.899252314024073,16.195396423339844,5368400.0,[],[],[]
2024-10-24,16.29719516690263,16.343467017915113,16.130613679004927,16.30644989013672,2488400.0,[],[],[]
2024-10-25,16.454523441797633,16.593340772734013,16.26943249044371,16.315704345703125,2474600.0,[],[],[]
2024-10-28,16.482285801988287,16.658122028758342,16.445268670917716,16.565576553344727,2246500.0,[],[],[]
2024-10-29,16.38973764704006,16.648864582802272,16.38973764704006,16.593338012695312,2593200.0,[],[],[]
2024-10-30,16.611848907666847,16.935755399192892,16.454522141000773,16.482284545898438,3364100.0,[],[],[]
2024-10-31,16.408250564080422,16.445269462090074,16.010306236267688,16.047325134277344,4313500.0,[],[],[]
2024-11-01,16.139869535134366,16.51004966469197,16.130614811250663,16.45452308654785,4350200.0,[],[],[]
2024-11-04,16.426758109862195,16.436012833292345,15.982541976162997,16.167631149291992,2786800.0,[],[],[]
2024-11-05,16.16763343427381,16.556323047483858,16.149125749955815,16.528560638427734,4530900.0,[],[],[]
2024-11-06,17.416991152666274,17.528046072386353,16.88948425560154,17.204137802124023,6237600.0,[],[],[]
2024-11-07,17.111593597019407,17.194884351687737,16.824704200471928,16.91724967956543,2797100.0,[],[],[]
2024-11-08,16.84321259213405,16.86172027466453,16.593340343812642,16.639612197875977,2942400.0,[],[],[]
2024-11-11,16.79693976039565,17.02830257187536,16.769177352719304,16.926504135131836,2842100.0,[],[],[]
2024-11-12,16.611847667021145,16.713646085973153,16.269429989206593,16.463775634765625,4574500.0,[],[],[]
2024-11-13,16.57483077962179,16.685885699814524,16.297196126877076,16.334213256835938,3476000.0,[],[],[]
2024-11-14,16.441890729681244,16.713426237063004,16.310805607993963,16.610429763793945,3483300.0,[],[],[]
2024-11-15,16.629155144448063,16.69469769908176,16.376346617231803,16.544885635375977,2610000.0,[],[],[]
2024-11-18,16.507432308243175,16.572976651087412,16.28271420476513,16.357620239257812,5719500.0,[],[],[]
2024-11-19,16.17035675048828,16.366984429885488,16.048633322946458,16.17035675048828,3109900.0,[],[],[]
2024-11-20,16.095450043833253,16.31080467019495,16.057996133561268,16.301441192626953,3036600.0,[],[],[]
2024-11-21,16.432527287415827,16.71342627351661,16.338896077949745,16.554250717163086,2363000.0,[],[],[]
2024-11-22,16.53552372484395,16.694699280850298,16.507433290524887,16.610429763793945,2466100.0,[],[],[]
2024-11-25,16.85387701983232,17.125412562384355,16.816423102555735,16.994325637817383,4412800.0,[],[],[]
2024-11-26,16.95687350644186,17.003689117136524,16.741517053903635,16.994325637817383,2756600.0,[],[],[]
2024-11-27,17.02241201166615,17.134770164868208,16.853872995962426,16.891326904296875,2565400.0,[],[],[]
2024-11-29,17.04114115911314,17.12541067781091,16.919417727260413,16.93814468383789,1149800.0,[],[],[]
2024-12-02,17.003687245958183,17.031777680824398,16.722790040899532,16.93814468383789,3300300.0,[],[],[]
2024-12-03,16.966236114548796,17.097321246483517,16.62915801997269,16.797697067260742,3574300.0,[],[],[]
2024-12-04,16.816422843080673,16.99432537559731,16.66661074808805,16.947509765625,2786800.0,[],[],[]
2024-12-05,16.994322131792675,17.0317760413423,16.694697998998418,16.76024055480957,3054200.0,[],[],[]
2024-12-06,16.8725989081929,16.881962384698284,16.572974803622635,16.6946964263916,2320800.0,[],[],[]
2024-12-09,16.797697027597465,17.49994186570554,16.760243112332567,17.190954208374023,5332400.0,[],[],[]
2024-12-10,17.134774281571595,17.574848880727956,16.956873531943476,17.275224685668945,4743300.0,[],[],[]
2024-12-11,17.481215175813908,17.537394263670716,17.22840660160678,17.237770080566406,2661900.0,[],[],[]
2024-12-12,17.162862740719877,17.378217382850856,17.13477230595898,17.21904182434082,1693000.0,[],[],[]
2024-12-13,17.26585705813813,17.26585705813813,16.853872995962426,16.891326904296875,2768700.0,[],[],[]
2024-12-16,16.891329078295072,17.10668372123343,16.872602121717595,16.93814468383789,2678200.0,[],[],[]
2024-12-17,16.713426200855153,16.80705919581501,16.535523689021506,16.666608810424805,2450200.0,[],[],[]
2024-12-18,16.722790141165106,16.797696182023255,15.777100259142912,15.786463737487793,3466600.0,[],[],[]
2024-12-19,16.020543079160507,16.104812586479692,15.683465049883758,15.711555480957031,4804600.0,[],[],[]
2024-12-20,15.69283190064095,16.37634979726474,15.580471938092716,16.226537704467773,8594800.0,['engulfing'],[],[]
2024-12-23,16.142265314379944,16.404437323199364,16.03926884914719,16.36698341369629,2952000.0,[],[],[]
2024-12-24,16.423167144077087,16.619794845581055,16.301443702849955,16.619794845581055,1191600.0,[],[],[]
2024-12-26,16.48870974907955,16.76960697641576,16.47934627004821,16.732154846191406,1660600.0,[],[],[]
2024-12-27,16.554250717163086,16.816420961109472,16.423165595189893,16.554250717163086,1863700.0,[],[],[]
2024-12-30,16.34825645894475,16.48870683368058,16.160992269131484,16.36698341369629,1950200.0,[],[],[]
2024-12-31,16.460616401553274,16.47934335630481,16.25462525698847,16.36698341369629,1866000.0,[],[],[]
2025-01-02,16.544888151133602,16.657248108948338,16.348258671433054,16.526161193847656,2327700.0,[],[],[]
2025-01-03,16.741516500907174,16.741516500907174,16.423167144077087,16.619794845581055,2280200.0,[],[],[]
2025-01-06,16.704064064922466,16.78833358856722,16.226537359569186,16.29207992553711,2707000.0,[],[],[]
2025-01-07,16.329532252069317,16.41380176751486,15.936275108623699,16.05799674987793,2251200.0,[],[],[]
2025-01-08,15.917547283471098,16.06735935032583,15.833277772627724,16.0299072265625,2423600.0,[],[],[]
2025-01-10,15.683467942670418,15.880095638749047,15.234031678004154,15.3183012008667,3796400.0,[],[],[]
2025-01-13,15.205940258990818,15.458748811239456,15.102943785281926,15.374479293823242,4250300.0,[],[],[]
2025-01-14,15.44938594992692,15.655377119668282,15.290210386885576,15.5242919921875,3712700.0,[],[],[]
2025-01-15,16.04863644494839,16.10481732362022,15.739648755857939,15.964366912841797,4328000.0,[],[],[]
2025-01-16,15.880095602369117,15.983092082498707,15.749010471950335,15.795827865600586,3581000.0,[],[],[]
2025-01-17,15.852005976961706,16.263990086236372,15.823915542499506,16.104814529418945,4442400.0,[],[],[]
2025-01-21,16.189085871575767,16.432529187416574,16.189085871575767,16.385713577270508,3897500.0,[],[],[]
2025-01-22,16.263990667870356,16.404439273402385,16.06736119140479,16.310806274414062,3318100.0,[],[],[]
2025-01-23,16.25462591255701,16.516796146049366,16.245262434803603,16.460617065429688,3428700.0,[],[],[]
2025-01-24,16.385713189927685,16.7321547688826,16.385713189927685,16.507434844970703,3103300.0,[],[],[]
2025-01-27,16.376349749027803,16.657248761620483,16.151631610494263,16.619794845581055,6909600.0,[],[],[]
2025-01-28,17.556118358181134,18.24899961507593,17.28458287034226,18.108551025390625,12800300.0,[],[],[]
2025-01-29,18.108550357137574,18.13664078839831,17.65911417236968,17.790199279785156,7343700.0,[],[],[]
2025-01-30,18.033646845709008,18.305180575561113,17.865107806400363,17.996192932128906,7075600.0,[],[],[]
2025-01-31,18.080460231278657,18.267726204378764,17.865105612344006,18.00555419921875,5778800.0,[],[],[]
2025-02-03,17.546756146969933,17.546756146969933,17.10668339129228,17.172225952148438,5547000.0,[],[],[]
2025-02-04,17.13477230595898,17.359492212244458,17.097320178845315,17.21904182434082,4525300.0,[],[],[]
2025-02-05,17.312675441507203,17.59357444148176,17.181590313059637,17.53739356994629,3057100.0,[],[],[]
2025-02-06,17.668477978354236,18.089823739704716,17.668477978354236,17.94937515258789,4695300.0,[],[],[]
2025-02-07,18.04301070288106,18.04301070288106,17.612299617172518,17.7059326171875,3547200.0,[],[],[]
2025-02-10,17.790198878058945,17.883831860913062,17.40630525566762,17.51866340637207,3917200.0,[],[],[]
2025-02-11,17.396940879227667,17.56547988247011,17.237765352376535,17.5467529296875,3098100.0,[],[],[]
2025-02-12,17.162864422821823,17.200318339507152,16.778970706302434,17.11604881286621,3729500.0,[],[],[]
2025-02-13,17.172225311486546,17.322037383825954,17.059865364281602,17.24713134765625,3109900.0,[],[],[]
2025-02-14,17.403362353817272,17.60220476525373,17.251864233675228,17.516986846923828,3145100.0,[],[],[]
2025-02-18,17.58326739773306,17.763172096222547,17.431769274584045,17.535924911499023,3782500.0,[],[],[]
2025-02-19,17.32761307128485,17.3560196456968,17.03408569302812,17.223459243774414,2882200.0,[],[],[]
2025-02-20,17.251867319028385,17.318149338694564,16.816310597224337,16.91099739074707,4862800.0,[],[],[]
2025-02-21,16.996214891687583,17.100368736511072,16.513313882413975,16.55118751525879,3270300.0,[],[],[]
2025-02-24,16.740559592398938,16.91099543987814,16.475436962320163,16.683748245239258,4248700.0,[],[],[]
2025-02-25,16.83524837600733,16.844717235992757,16.286067138855255,16.40915870666504,4648000.0,[],[],[]
2025-02-26,16.52278291373394,16.655343339068082,16.229253677636414,16.27659797668457,3993700.0,[],[],[]
2025-02-27,16.380750150148256,16.551185997319767,16.144034097076748,16.2955322265625,4509500.0,[],[],[]
2025-02-28,16.314472836696616,16.49437757460693,16.229254898002285,16.465970993041992,3767100.0,[],[],[]
2025-03-03,16.626934515983056,16.712152436769994,15.831568459305043,15.869443893432615,3948400.0,[],[],[]
2025-03-04,15.623260080814362,15.623260080814362,14.884706220743169,15.14982795715332,5165400.0,['RSI_OVERSOLD'],['RSI_OVERSOLD'],[]
2025-03-05,15.26345050374899,15.585382645026577,15.093013769131447,15.538040161132814,6028000.0,[],[],[]
2025-03-06,15.310794737258728,15.481230588352549,14.856299435341905,14.913111686706545,6569900.0,[],[],[]
2025-03-07,14.827894697276852,14.865769232911013,14.363931410008327,14.79948902130127,7188900.0,['hammer'],['hammer'],[]
2025-03-10,14.449148700081821,14.619583651376283,13.899967506243858,14.032527923583984,7068100.0,['RSI_OVERSOLD'],['RSI_OVERSOLD'],[]
2025-03-11,14.032528934212127,14.591179027522896,13.899968507324946,14.430212020874023,10083600.0,[],[],[]
2025-03-12,14.742676376549293,14.884706558672198,14.411274424262777,14.439680099487305,11009700.0,[],[],[]
2025-03-13,14.468084735299016,14.515428125938753,13.985184679173903,14.155619621276855,4806400.0,[],[],[]
2025-03-14,14.496492821819238,14.543835314391346,14.297651282815837,14.46808624267578,4581300.0,[],[],[]
2025-03-17,14.496490630527362,14.72373781132334,14.496490630527362,14.619582176208496,3202600.0,[],[],[]
2025-03-18,14.619583283091435,14.647989860091682,14.382867226089955,14.51542854309082,5729100.0,[],[],[]
2025-03-19,14.477554986050318,14.932050315691614,14.449149310135287,14.742676734924316,5366900.0,[],[],[]
2025-03-20,14.591177836212992,14.903642964078674,14.553303302623217,14.69533348083496,4074300.0,[],[],[]
2025-03-21,14.515428369690191,14.600646293672728,14.35446138061208,14.505959510803224,9858200.0,[],[],[]
2025-03-24,14.818425691306746,15.14035969251855,14.752145480351432,15.017267227172852,5432600.0,[],[],[]
2025-03-25,15.083547281365686,15.32026333586044,14.988860498367753,15.121421813964844,5845100.0,[],[],[]
2025-03-26,15.14035885048314,15.358137190367465,14.808956911137415,14.85629940032959,3686600.0,[],[],[]
2025-03-27,14.780550974716698,14.884706622654573,14.591178300738932,14.723739624023438,3667800.0,[],[],[]
2025-03-28,14.65745841431917,14.73320838641138,14.297650787631865,14.382867813110352,3401100.0,[],[],[]
2025-03-31,14.174558974471381,14.449149588269416,14.01359196952079,14.363931655883787,3965600.0,[],[],[]
2025-04-01,14.363930997337397,14.468085741588974,14.174558324607203,14.382867813110352,3047000.0,[],[],[]
2025-04-02,14.15562008548424,14.988860717867942,14.146151226445765,14.85629940032959,6157300.0,[],[],[]
2025-04-03,13.928372482282914,14.013590405155492,13.009913951211892,13.095131874084473,10158100.0,[],[],[]
2025-04-04,12.640636266150905,12.706916465082035,11.6937721534205,12.129329681396484,13890800.0,['RSI_OVERSOLD'],['RSI_OVERSOLD'],[]
2025-04-07,11.750585614888964,12.744793293259939,11.561212938770717,12.034645080566406,10658400.0,[],[],[]
2025-04-08,12.527012396307207,12.536481254621883,11.23927746451222,11.4949312210083,9484500.0,['engulfing'],[],[]
2025-04-09,11.012030754213427,13.038320467266479,10.983625081053825,12.92469596862793,11592500.0,['engulfing'],[],[]
2025-04-10,12.517545722026398,12.782667460969433,11.64643053392773,12.015707015991213,9640400.0,[],[],[]
2025-04-11,11.892615950673934,12.167206560292195,11.513869690614161,12.10092544555664,7808200.0,[],[],[]
2025-04-14,12.403922852259099,12.498608741688448,12.119863377970686,12.28083038330078,6041400.0,[],[],[]
2025-04-15,12.271360417543066,12.593294399190045,12.261891558553428,12.384984016418455,6752900.0,[],[],[]
2025-04-16,12.148268529822115,12.366047781804188,11.816865673632055,11.968364715576172,5665500.0,[],[],[]
2025-04-17,12.034645576616036,12.280830517217195,11.987302179885015,12.119863510131836,4677400.0,[],[],[]
2025-04-21,11.911551451009789,12.015706186943873,11.618024057468244,11.797927856445312,7737300.0,[],[],[]
2025-04-22,12.6122330212089,13.133008601252858,12.527015084092586,12.773200035095217,12076700.0,[],[],[]
2025-04-23,13.208755078903167,13.568563574260393,12.716386176782784,12.79213523864746,7296600.0,[],[],[]
2025-04-24,12.848947928217967,13.398129135709954,12.735324323529984,13.322380065917969,6606200.0,[],[],[]
2025-04-25,13.227693869945215,13.454941073991488,13.161412758181626,13.1898193359375,6258200.0,[],[],[]
2025-04-28,13.189819458211169,13.44547233938318,13.08566381147432,13.19928741455078,5102300.0,[],[],[]
2025-04-29,13.114069786504007,13.256099058068997,13.066726394982314,13.21822452545166,3287800.0,[],[],[]
2025-04-30,12.867885345371889,13.237161826197053,12.744792884096793,13.1898193359375,5413300.0,[],[],[]
2025-05-01,13.26556822979852,13.417066363840453,13.123538051884124,13.180350303649902,4083900.0,[],[],[]
2025-05-02,13.464409059469808,13.776874170506023,13.369722279095173,13.644312858581545,4372100.0,[],[],[]
2025-05-05,13.521221022629163,13.871560681210578,13.445471956071025,13.568564414978027,3941100.0,[],[],[]
2025-05-06,13.312912002608122,13.596970560548444,13.293974283812029,13.426535606384276,4933400.0,[],[],[]
2025-05-07,13.492815348419887,13.701125732954818,13.46440967421061,13.568564414978027,4026100.0,[],[],[]
2025-05-08,13.786341867294832,14.146149435195397,13.71059190757894,13.966245651245115,4305000.0,[],[],[]
2025-05-09,14.041996955871582,14.079871490292673,13.899967677542518,14.041996955871582,4056200.0,[],[],[]
2025-05-12,14.846831773058328,15.130890326501952,14.685864777840214,14.761613845825195,5319900.0,[],[],[]
2025-05-13,14.82789403776526,14.969924217326302,14.77108268834094,14.818425178527832,4357800.0,[],[],[]
2025-05-14,14.789632698173264,14.895204965518076,14.741645387133062,14.85681438446045,5104800.0,[],[],[]
2025-05-15,14.741645318979659,14.82802229539632,14.645671612624788,14.703255653381348,3538300.0,[],[],[]
2025-05-16,14.722450521253311,14.837619514742636,14.664865566867748,14.818424224853516,4291100.0,[],[],[]
2025-05-19,14.578489143251119,14.760840742954125,14.48251543602802,14.71285343170166,2405400.0,[],[],[]
2025-05-20,14.58808658771933,14.703255583970584,14.492112881817532,14.549696922302246,4193200.0,[],[],[]
2025-05-21,14.396138518064408,14.48251549561789,14.01224185702876,14.050631523132324,4110600.0,[],[],[]
2025-05-22,14.031435470904787,14.108214798944836,13.916266478844715,13.993045806884766,5970600.0,[],[],[]
2025-05-23,13.61874627425491,13.916266865129963,13.532370214273588,13.801097869873049,4199100.0,[],[],[]
2025-05-27,14.03143580964971,14.223384134383823,13.877877149862421,14.165800094604492,4847300.0,[],[],[]
2025-05-28,14.165801521324523,14.184995898090206,13.906670570373535,13.906670570373535,4517700.0,[],[],[]
2025-05-29,14.10821500673194,14.213787270803227,13.964253993357024,14.15620231628418,6538900.0,[],[],[]
2025-05-30,14.050632151924946,14.10821619601637,13.791501207667899,13.877878189086914,5142200.0,[],[],[]
2025-06-02,13.839487534958685,13.868279554952462,13.60914954444486,13.801097869873049,3348500.0,[],[],[]
2025-06-03,13.762709054086722,13.925865369589543,13.580357447215631,13.868280410766602,5522300.0,[],[],[]
2025-06-04,13.954657028852186,13.964254674286998,13.820292738610355,13.83948802947998,4749900.0,[],[],[]
2025-06-05,13.849086439997784,13.916268131189181,13.59955313659846,13.676332473754885,5911700.0,[],[],[]
2025-06-06,13.906668393890765,13.973850990260903,13.714720079865566,13.810694694519045,6668600.0,[],[],[]
2025-06-09,13.993047056477678,14.290567665663088,13.858682762767833,14.089021682739258,6964400.0,[],[],[]
2025-06-10,14.175398365888974,14.367346699102796,14.041034074998374,14.213788032531738,4739500.0,[],[],[]
2025-06-11,14.280969098647919,14.568892043575532,14.175397748796579,14.463319778442385,4920200.0,[],[],[]
2025-06-12,14.28096952010777,14.376943227728145,14.09861791964994,14.348151206970217,5505700.0,[],[],[]
2025-06-13,14.05063204849979,14.21378836436098,13.868280441228164,13.945059776306152,5120700.0,[],[],[]
2025-06-16,14.108216933410592,14.31936057510604,14.02183994747691,14.232983589172363,5043100.0,[],[],[]
2025-06-17,14.137008985882819,14.223385971993212,13.877878942833568,13.935463905334473,3867100.0,[],[],[]
2025-06-18,13.897071976225185,14.309761574273592,13.897071976225185,14.127410888671877,5322700.0,[],[],[]
2025-06-20,14.223384762731044,14.357749053621642,14.165800720407821,14.213788032531738,8798500.0,[],[],[]
2025-06-23,14.127410631335442,14.386540644605285,13.925864658666978,14.328956604003906,4608100.0,[],[],[]
2025-06-24,14.482516831223686,14.818426211787633,14.453724807811215,14.67446517944336,5239500.0,[],[],[]
2025-06-25,14.645672665746595,14.674464688195211,14.520906014760063,14.636075019836426,3253900.0,[],[],[]
2025-06-26,14.722452246346588,14.971985552453257,14.684062577351863,14.95279026031494,3716800.0,[],[],[]
2025-06-27,15.029569163901968,15.154335813349146,14.914400160246544,15.06795883178711,4751300.0,[],[],[]
2025-06-30,15.077555463411056,15.192724459319821,15.039165798108133,15.135140419006348,3578100.0,[],[],[]
2025-07-01,14.981581011132251,15.672595909644107,14.981581011132251,15.519037246704102,4306100.0,[],[],[]
2025-07-02,15.653402923405887,15.950924478392219,15.547832471196346,15.922131538391112,4995200.0,[],[],[]
2025-07-03,16.03729846722165,16.12367545035917,15.979714421984566,16.056493759155273,2855200.0,[],[],[]
2025-07-07,15.960520895491657,16.267640108709656,15.941327431998777,16.046897888183594,5934900.0,[],[],[]
2025-07-08,16.123674994746867,16.277233664749126,15.970116324744613,16.018104553222656,5293700.0,[],[],[]
2025-07-09,16.219649026090114,16.39240298114578,16.152467339249284,16.267637252807617,5265400.0,[],[],[]
2025-07-10,16.32522296455945,16.824289590099582,16.277234732932207,16.699522018432617,5242500.0,[],[],[]
2025-07-11,16.603545885650416,16.814690424606134,16.545961843464173,16.728313446044922,4646800.0,[],[],[]
2025-07-14,16.689923654860547,16.74750953033849,16.55556027320624,16.641937255859375,4294800.0,[],[],[]
2025-07-15,16.670728445288596,16.728312484163748,16.056491985220497,16.066089630126953,6692300.0,[],[],[]
2025-07-16,16.19085889655583,16.277234048726402,15.826155673774377,16.200454711914062,5831700.0,[],[],[]
2025-07-17,16.171662889704866,16.603545953717767,16.171662889704866,16.584352493286133,5059000.0,[],[],[]
2025-07-18,17.179390320261824,19.242836321506953,16.997038733379387,19.118070602416992,35673200.0,[],[],[]
2025-07-21,19.396396580854454,19.799488535967182,19.214046809433803,19.38680076599121,20655900.0,[],[],[]
2025-07-22,19.23324352572946,20.816818527263752,19.19485294117647,20.39453125,16474000.0,[],[],[]
2025-07-23,20.548086567635448,20.778424545603485,20.17378758225784,20.576879501342773,14318400.0,[],[],[]
2025-07-24,20.586478921164595,20.778426337408575,20.404127319753695,20.567283630371094,7930000.0,[],[],[]
2025-07-25,20.6824525563156,20.960778792465412,20.41372579651717,20.93198585510254,4955000.0,[],[],['hanging_man']
2025-07-28,20.88400171035563,20.93198811390828,20.615273090994485,20.807222366333008,4263100.0,[],[],['hanging_man']
2025-07-29,20.96077958817679,20.96077958817679,20.60567400280926,20.845609664916992,6715000.0,[],[],['hanging_man']
2025-07-30,20.845606690363184,20.97037424197131,20.452112407101087,20.61526870727539,6512200.0,[],[],[]
2025-07-31,20.61527056167593,20.807219813463913,20.068217573813037,20.16419219970703,7071700.0,[],[],[]
2025-08-01,19.75149957843879,19.97223990294623,19.27162835269386,19.780292510986328,7071900.0,[],[],[]
2025-08-04,20.08741273287229,20.26016669223151,19.876268191182696,20.15459442138672,5792600.0,[],[],[]
2025-08-05,20.260166887299864,20.375334974272395,19.89546367390481,20.317750930786133,6340400.0,[],[],[]
2025-08-06,20.346543012042176,20.44251580362812,20.17378905828562,20.25056838989257,6627400.0,[],[],[]
2025-08-07,20.490505107872394,20.490505107872394,19.71311410563749,19.741905212402344,4723100.0,[],[],[]
2025-08-08,19.943450126735698,20.12579988663508,19.741903246631672,19.8858642578125,2905700.0,[],[],[]
2025-08-11,19.914659652536116,20.001036636028367,19.58834701057958,19.62673759460449,6822700.0,[],[],[]
2025-08-12,19.92425694298064,20.26976487078381,19.80908702352499,20.19298553466797,4191300.0,[],[],[]
2025-08-13,20.202579656933935,20.68245092508499,20.183386197436242,20.65365982055664,5014200.0,[],[],[]
2025-08-14,20.479206187209638,20.72150631736339,20.353210932915133,20.6827392578125,3769600.0,[],[],[]
2025-08-15,20.731195638399218,20.760272315439014,20.285364348740448,20.469512939453125,4019100.0,[],[],[]
2025-08-18,20.33382409007027,20.46951340406616,20.295057035073636,20.35320854187012,3514000.0,[],[],[]
2025-08-19,20.372592730083117,20.440436461901744,20.03337222238694,20.18844413757324,3545300.0,[],[],[]
2025-08-20,20.09152300373473,20.236902687902695,19.849222913920457,20.13998413085937,3502700.0,[],[],[]
2025-08-21,19.97521946926605,20.149675825109885,19.94614279375777,20.033370971679688,2148900.0,[],[],[]
2025-08-22,20.188444968657457,20.9734968026812,20.130293460219473,20.886268615722656,3396200.0,[],[],[]
2025-08-25,20.895959652859773,21.070416016849816,20.837808147730765,20.9541130065918,3047800.0,[],[],['shooting_star']
2025-08-26,20.934730117644474,21.273950645317573,20.905653438608553,21.25456619262696,4217700.0,[],[],[]
2025-08-27,21.186721932665655,21.564709507765635,21.147953028243553,21.370868682861328,4823500.0,[],[],[]
2025-08-28,21.506558924801553,21.56471043533288,21.157646164407186,21.38056182861328,3387000.0,[],[],[]
2025-08-29,21.341792600340213,21.487172286182798,21.138259561278193,21.215795516967773,4221800.0,[],[],[]
2025-09-02,20.721502189697745,20.992878946909634,20.43074283087301,20.98318672180176,4734000.0,[],[],[]
2025-09-03,20.789350430266214,21.070417600010718,20.711814468067402,21.03165054321289,2928900.0,[],[],[]
2025-09-04,21.13826021748126,21.303024359511824,21.0413398077098,21.28363990783692,2590400.0,[],[],[]
2025-09-05,21.419328160727222,21.564707843886765,20.925035759102407,21.312715530395508,2834000.0,[],[],[]
2025-09-08,21.32240867614746,21.47748059135847,21.157644535160376,21.32240867614746,5746000.0,[],[],[]
2025-09-09,21.370867958779154,21.865160381794848,21.303024226942245,21.545324325561523,5085500.0,[],[],[]
2025-09-10,21.555015889927255,21.68101297256079,21.37086730301831,21.477479934692383,2892200.0,[],[],[]
2025-09-11,21.56470748122213,22.07838432492358,21.54532303083273,21.855466842651367,3874300.0,[],[],[]
2025-09-12,21.71977990156847,21.83608475805663,21.59378466825903,21.739164352416992,2512700.0,[],[],[]
2025-09-15,21.816699707872758,22.029923115540022,21.622858901918562,21.65193557739257,3893800.0,[],[],[]
2025-09-16,21.661630712616173,21.758551128613746,21.21579753846861,21.419330596923828,3111300.0,[],[],[]
2025-09-17,21.438713799573204,21.89423732501228,21.27394965656706,21.487173080444336,3153100.0,[],[],[]
2025-09-18,21.671319724836845,22.010538357611473,21.516247821681905,21.9523868560791,3253600.0,[],[],[]
2025-09-19,21.99115833082219,22.029925386848195,21.516250340734135,21.79731750488281,10276500.0,[],[],[]
2025-09-22,21.729471546532213,22.10745908496631,21.661627818977674,21.87485122680664,4900900.0,[],[],[]
2025-09-23,21.952387765941815,22.28191603595478,21.622859495928836,21.739164352416992,5992800.0,[],[],[]
2025-09-24,21.777931462474488,21.816700364272947,21.370867236605672,21.496864318847656,3631200.0,[],[],[]
2025-09-25,21.24487316872809,21.700396698237757,21.2254887167652,21.671321868896484,3056000.0,[],[],[]
2025-09-26,21.700397085611957,22.16561469801076,21.700397085611957,22.020233154296875,4047300.0,[],[],[]
2025-09-29,22.146229122686115,22.291608810424805,21.933003855306552,22.291608810424805,3425500.0,[],[],['hanging_man']
2025-09-30,22.29160907136319,22.485449889685828,21.87485260599165,22.233457565307617,4944500.0,[],[],[]
2025-10-01,22.1559219351062,22.436989092364126,21.981465565758427,22.37883758544922,4417000.0,[],[],[]
2025-10-02,22.39822183671796,23.096045459257155,22.39822183671796,22.882822036743164,4311400.0,[],[],[]
2025-10-03,23.13481547051806,23.464341921601452,23.066969886438827,23.299579620361328,4505800.0,[],[],[]
2025-10-06,23.338345300664145,23.784178441020774,22.9991247946847,23.38680458068848,4159200.0,[],[],[]
2025-10-07,23.37711531785344,23.55156984341837,23.105738530413902,23.35773086547852,3996200.0,[],[],[]
2025-10-08,23.406190550155475,23.46434205967671,23.028202965362656,23.26081085205078,3892700.0,[],[],[]
2025-10-09,23.3674219742722,23.493417211478057,23.12512187698146,23.16388893127441,2313800.0,[],[],[]
2025-10-10,23.28988713113926,23.59033874854283,21.74885829076782,21.77793312072754,6397200.0,[],[],[]
2025-10-13,22.3013008419131,22.65990394530601,22.126844478704427,22.572677612304688,5613600.0,[],[],[]
2025-10-14,22.223764246872218,23.01850823543497,22.049307888679817,22.72774887084961,7261800.0,[],[],[]
2025-10-15,22.9991241245451,23.2414242148128,22.55329284578197,22.87312889099121,3131000.0,[],[],[]
2025-10-16,22.960358412350992,22.97974101576616,21.971773542656827,22.097768783569336,3715800.0,[],[],[]
2025-10-17,22.11715237345697,22.22376500679853,21.719780365587734,22.088077545166016,3803000.0,[],[],[]
2025-10-20,22.28191724391928,22.34976097696413,22.097768648081068,22.136537551879883,5444800.0,[],[],[]
2025-10-21,22.068693424314286,22.388529480524507,22.020232295432102,22.233457565307617,3808400.0,[],[],[]
2025-10-22,22.262533056182875,22.359453468226878,21.83608620095425,22.07838630676269,2892000.0,[],[],[]
2025-10-23,22.233456700563593,22.281915978957965,21.836084702200242,21.981464385986328,3787300.0,[],[],[]
2025-10-24,22.30130103608779,23.047585774710214,20.033371991834585,22.291608810424805,23621100.0,[],[],[]
2025-10-27,22.369144776913565,23.202657698264527,22.369144776913565,22.73744010925293,10798300.0,[],[],[]
2025-10-28,22.834360394797997,23.987709362566612,22.69867293339099,23.2220401763916,10492800.0,[],[],[]
2025-10-29,23.183274491310467,23.83263885704537,23.096046304226437,23.35773086547852,10981500.0,[],[],[]
2025-10-30,23.289885811913717,23.464340327599665,22.727749665095388,22.756824493408203,4330500.0,[],[],[]
2025-10-31,22.785900321352496,23.066967459987968,22.698672142458012,22.970048904418945,5898800.0,[],[],[]
2025-11-03,22.950664912946614,22.97004936388935,22.533908460692807,22.853744506835938,3713400.0,[],[],[]
2025-11-04,22.55329428377394,22.88282257543688,22.436989419644572,22.52421760559082,4174600.0,[],[],[]
2025-11-05,22.61144243573811,22.824665831626866,22.31099086684877,22.65021133422852,3958200.0,[],[],[]
2025-11-06,22.68897826017447,23.057275399410152,22.359450019217412,22.66959381103516,5212000.0,[],[],[]
2025-11-07,22.46606276360474,22.6695939348709,21.903926675713635,22.65021133422852,5394000.0,[],[],[]
2025-11-10,23.037894750890533,23.115430711636275,22.630830494824625,22.91189765930176,3182500.0,[],[],[]
2025-11-11,22.911896674876086,23.5128017312896,22.902204449123907,23.14450454711914,3949400.0,[],[],[]
2025-11-12,23.367420822071416,23.958631773259334,23.33834414633315,23.900480270385746,3342500.0,[],[],[]
2025-11-13,23.716334469026616,23.80356265786735,23.15419827905478,23.241426467895508,3149300.0,[],[],[]
2025-11-14,23.016540187928378,23.397867132533115,22.635211378388863,22.996984481811523,3893000.0,[],[],[]
2025-11-17,22.84054192678756,22.90898503135608,21.74544665888711,21.94099998474121,3359600.0,[],[],[]
2025-11-18,21.79433759994702,22.459214856158532,21.608562112583208,22.15610885620117,4089100.0,[],[],[]
2025-11-19,22.13655171745807,22.53743436193984,22.068108612049187,22.41032600402832,2807500.0,[],[],[]
2025-11-20,22.801431006225094,23.22186936040301,22.17566333392389,22.195219039916992,4296100.0,[],[],[]
2025-11-21,22.292994725428276,22.830765471988798,21.823668952562066,22.70365524291992,6129000.0,[],[],[]
2025-11-24,22.772099440128407,23.397867115945854,22.625433509290765,23.28053474426269,3218300.0,[],[],[]
2025-11-25,23.22187066113601,23.808528819246423,22.899208953915515,23.69119644165039,3800500.0,[],[],[]
2025-11-26,23.759638786138616,24.238744269698337,23.700973531697866,23.984525680541992,3556100.0,[],[],['shooting_star']
2025-11-28,23.994302215053875,24.06274531896228,23.847636289610477,23.90630340576172,1388300.0,[],[],[]
2025-12-01,23.73030823843068,24.170300465406317,23.43697822217868,24.111635208129883,7919600.0,[],[],[]
2025-12-02,24.15074543421645,24.180077128943484,23.67163995108034,23.700973510742188,5887300.0,[],[],[]
2025-12-03,23.72052881666152,24.180076720662104,23.72052881666152,23.847637176513672,6340200.0,[],[],[]
2025-12-04,24.14096731116285,25.128508096189165,24.043190644984392,24.649402618408203,8686300.0,[],[],[]
2025-12-05,24.688514755457042,25.803163933775757,24.63962735340037,25.6564998626709,11943400.0,[],[],[]
2025-12-08,25.656499461062978,25.656499461062978,24.884067704036568,25.236061096191406,6044700.0,[],[],[]
2025-12-09,25.001397864289014,26.037826049672358,25.001397864289014,25.9498291015625,4776200.0,[],[],[]
2025-12-10,26.06716122878773,26.399600795406155,25.38272638811805,26.33115768432617,4868700.0,[],[],['hanging_man']
2025-12-11,26.194269755455835,26.702705061037435,26.12582478390053,26.399599075317383,4952700.0,[],[],[]
2025-12-12,26.536486504321868,26.55604221137646,25.578279237865,25.676055908203125,5612100.0,[],[],[]
2025-12-15,25.861829680100055,26.03782543711414,25.43161347810678,25.460947036743164,4402900.0,[],[],[]
2025-12-16,25.480503571803094,25.764055740465942,25.32406163907013,25.451171875,4805300.0,[],[],[]
2025-12-17,25.99871799474621,26.233380888025565,25.744499394126514,25.81294250488281,5714500.0,[],[],[]
2025-12-18,26.096494064783705,26.477821024453206,25.773832360847614,25.891162872314453,4511800.0,[],[],[]
2025-12-19,25.959605011421512,26.57559670087573,25.842274504339137,26.399599075317383,9079700.0,[],[],[]
2025-12-22,26.53648706049861,26.86892662765488,26.516933217969054,26.73204040527344,6010100.0,[],[],[]
2025-12-23,26.702705596443366,26.820037970813114,26.44848700608793,26.487598419189453,4037000.0,[],[],[]
2025-12-24,26.624484676918346,26.66359609008119,26.507154167299458,26.60492897033692,1296500.0,[],[],[]
2025-12-26,26.6342631957784,26.653818902848506,26.29204578179107,26.36048889160156,2385600.0,[],[],[]
2025-12-29,26.301821685030855,26.311599537840866,26.028049266089262,26.24315643310547,3358600.0,[],[],[]
2025-12-30,26.29204519472732,26.360488303009568,25.832497278450152,25.871606826782227,2662700.0,[],[],[]
2025-12-31,25.88138636893389,25.959607335637017,25.685834884643555,25.685834884643555,2937800.0,[],[],[]
2026-01-02,25.842275418344034,26.37026644875859,25.744498749027304,26.34093475341797,3294800.0,[],[],[]
2026-01-05,26.34093383745306,27.807578231399127,26.34093383745306,27.533803939819336,8960200.0,[],[],[]
2026-01-06,27.524028516491853,27.70980401163992,27.15247939113065,27.62180519104004,6516600.0,[],[],[]
2026-01-07,27.47513956156134,27.52402696360978,26.820038303464127,27.074256896972656,4161900.0,[],[],[]
2026-01-08,27.0547011801849,27.77824554685657,27.03514547339882,27.64135932922364,4381600.0,[],[],[]
2026-01-09,27.67069022161865,28.003129767597233,27.34802852874941,27.9346866607666,5562800.0,[],[],[]
2026-01-12,27.670690494806088,28.404012700833828,27.494694731904673,28.12046241760254,6473500.0,[],[],[]
2026-01-13,28.159572007920808,28.208461274023875,27.641358841771996,27.670690536499023,5982200.0,[],[],[]
2026-01-14,27.690248303743292,27.885801652839678,27.328477032330408,27.62180519104004,9725000.0,[],[],[]
2026-01-15,27.817356285241548,28.795119221595417,27.758689166307263,28.736452102661133,5061900.0,[],[],[]
2026-01-16,28.580008183427235,28.853782457837703,28.472455536105176,28.78533935546875,4823400.0,[],[],[]
2026-01-20,28.00313036898166,28.33556992209958,27.24047645942216,27.289363861083984,6072600.0,[],[],[]
2026-01-21,28.022685813536658,28.89289423653529,27.70980196998366,28.521345138549805,5205000.0,[],[],[]
2026-01-22,28.824451321119483,28.951561548994903,28.423568660776663,28.58978843688965,4253000.0,[],[],[]
2026-01-23,28.394236495307556,28.48223344361756,27.69024598934915,27.76846694946289,4411500.0,[],[],[]
2026-01-26,27.915131927348792,28.14979668028122,27.827133111232847,27.99335289001465,7044600.0,[],[],[]
2026-01-27,28.609344296706272,28.609344296706272,25.920496169552692,26.556041717529297,11826100.0,[],[],[]
2026-01-28,26.30182208620974,27.299140708826812,26.213823274512063,26.947145462036133,8674600.0,[],[],[]
2026-01-29,27.2111445396575,27.572917674539852,26.575598955071168,27.10359001159668,4984800.0,[],[],[]
2026-01-30,27.005814867714815,27.602249029275125,26.526709356800172,26.68315315246582,10813300.0,[],[],[]
2026-02-02,26.55604106345309,26.986257275383178,26.17471411704619,26.80048179626465,6170100.0,[],[],[]
2026-02-03,26.849370019857492,27.05470121147924,25.216507664962105,25.940052032470703,6849600.0,[],[],[]
2026-02-04,26.09649237082466,26.6635947792626,25.548943803072024,26.24315643310547,12065900.0,[],[],[]
2026-02-05,25.881383837962677,26.076937168064575,25.089396394426064,25.196950912475582,8850900.0,[],[],[]
2026-02-06,25.812941777028783,26.370266365969083,25.588056743760728,26.223602294921875,6239400.0,[],[],[]
2026-02-09,26.057380814582682,26.663594630887278,26.057380814582682,26.29204368591309,5154200.0,[],[],[]
2026-02-10,26.54626506437525,27.093811821932796,26.24315905670132,26.68315315246582,6836500.0,[],[],[]
2026-02-11,27.1720330322612,27.1720330322612,25.33383765836428,25.85205268859864,6034500.0,[],[],[]
2026-02-12,26.31159996872198,26.526707139260797,24.766734633200134,25.64672088623047,8609900.0,[],[],[]
2026-02-13,25.853708641318217,26.18883121228345,25.341168017490673,26.139549255371094,3786600.0,[],[],[]
2026-02-17,26.218402345826014,26.583093350508793,25.85370946115702,26.021270751953125,5475800.0,[],[],[]
2026-02-18,26.050841530000554,26.632377674543594,25.83399639678951,26.35639381408692,6258500.0,[],[],[]
2026-02-19,26.119834927517854,26.267682673751878,25.48901687426014,25.98184394836425,2580800.0,[],[],[]
2026-02-20,25.84385173087782,26.238114903938783,25.479160739778415,26.09026527404785,4738800.0,[],[],[]
2026-02-23,25.93256096271285,25.981844799729828,24.56250225340528,24.84834098815918,4403600.0,[],[],[]
2026-02-24,25.055328292135954,26.031125664286137,24.828628291330432,25.74528694152832,4716200.0,[],[],[]
2026-02-25,25.893134870199265,26.46481419975892,25.676289754858168,26.39581871032715,3264700.0,[],[],[]
2026-02-26,26.523954091681034,26.878790201531856,26.297254079270193,26.701372146606445,3367400.0,[],[],[]
2026-02-27,26.10012304998937,26.16911854394547,25.36088239191197,25.88327980041504,5292600.0,[],[],[]
2026-03-02,25.13418092220638,26.031126051776422,25.01590159655505,25.755142211914062,5117100.0,[],[],[]
2026-03-03,24.73991948875255,25.479160099691455,24.385083393906328,24.96661949157715,6019300.0,[],[],[]
2026-03-04,25.193320473353563,25.39045206259177,24.74977721754685,24.897624969482425,6143000.0,[],[],[]
2026-03-05,24.641354049417686,25.20317662094663,23.882399893498953,24.375226974487305,6165900.0,[],[],[]
2026-03-06,23.59656188222366,23.7246960999862,22.83760770320796,23.330434799194336,9877500.0,['hammer'],['hammer'],[]
2026-03-09,22.83760672877931,23.616272529621074,22.088509349243964,23.53742027282715,6089000.0,[],[],[]
2026-03-10,23.576849098564505,24.197810432103005,23.24172651221476,23.62613105773925,5181600.0,[],[],[]
2026-03-11,23.507852814592155,23.655700567139544,22.847464431893396,23.60641860961914,5202500.0,[],[],[]
2026-03-12,22.768613304572874,23.074165592369727,22.344781680862194,22.57148170471192,5153500.0,[],[],[]
2026-03-13,22.817893601789965,23.133302634594415,22.60105036173342,22.670045852661133,3877000.0,[],[],[]
2026-03-16,23.17273096073587,23.340292253501175,22.689760618056145,22.69961738586425,4059800.0,[],[],[]
2026-03-17,23.143160497362445,23.586705645730508,23.143160497362445,23.38957405090332,3901500.0,[],[],[]
2026-03-18,23.162872872607924,23.724695445741485,23.04459354563901,23.084020614624023,4190200.0,[],[],[]
2026-03-19,22.69961731116661,23.261439914476142,22.620765048947487,22.97559928894043,4291800.0,[],[],[]
2026-03-20,22.965742262638763,23.074164826964378,22.472915159320454,22.87703323364257,9121800.0,[],[],[]
2026-03-23,23.655700869966008,23.9612531464736,23.330435058203424,23.429000854492188,5747000.0,[],[],[]
2026-03-24,23.093879155205066,23.9513972916289,23.01502689116625,23.63598823547364,3903000.0,[],[],[]
2026-03-25,24.000679426544785,24.24709296915821,23.62612978898014,24.010536193847656,3541300.0,[],[],[]
2026-03-26,23.635987406986164,23.990823522716273,23.44871446144968,23.7542667388916,3892400.0,[],[],[]
2026-03-27,23.527566345850502,23.537421233364075,22.778468935745284,22.86717796325684,4189900.0,[],[],[]
2026-03-30,23.133303014698352,23.44871393267147,22.74889848465002,22.955886840820312,3535200.0,[],[],[]
2026-03-31,23.517710060505376,24.069675891904275,23.212155901707344,23.94154167175293,5626100.0,[],[],[]
2026-04-01,24.148527443704197,24.4343680586965,23.902113898360277,23.97110939025879,4548800.0,[],[],[]
2026-04-02,23.084021292438717,24.099245788779278,22.98545549706813,23.79369163513184,3038100.0,[],[],[]
2026-04-06,23.586703396046243,23.61627181645975,22.27578349144291,22.55176544189453,11084500.0,[],[],[]
2026-04-07,22.167364061565078,22.60105246196533,21.506975632768494,22.443347930908203,8537100.0,[],[],[]
2026-04-08,23.557133895994333,23.961251948587762,23.458568104633123,23.86268615722656,6107600.0,[],[],[]
2026-04-09,23.744409369180605,23.764122903996025,23.13330294980551,23.231868743896484,7506200.0,[],[],[]
2026-04-10,23.113591703040733,23.54727819671978,23.044594329968614,23.24172592163086,4125500.0,[],[],[]
2026-04-13,22.955887828169587,23.96125370999798,22.916460756732352,23.951396942138672,4857100.0,[],[],[]
2026-04-14,24.197810411072325,24.582216836248953,24.13867168411678,24.36537170410156,7077800.0,[],[],[]
2026-04-15,24.503364161247042,24.78920290337663,24.178098348486518,24.355514526367188,5588100.0,[],[],[]
2026-04-16,24.365371449620625,24.52307597317911,23.074164957990693,23.665557861328125,8847400.0,[],[],[]
2026-04-17,24.109099349498177,24.730062510168207,23.951394837578885,24.454078674316406,7682000.0,[],[],[]
2026-04-20,24.217523785689266,24.769489620238698,24.217523785689266,24.59207344055176,7720100.0,[],[],[]
2026-04-21,24.592072326686097,25.193320092807024,24.582215559374458,24.61178398132324,4253400.0,[],[],[]
2026-04-22,24.91733925081013,25.282030257843232,24.720207655666783,25.193321228027344,5449400.0,[],[],[]
2026-04-23,24.97647789933965,25.459448237947335,24.651212084359525,25.00604820251465,4802800.0,[],[],[]
2026-04-24,25.035616589221945,25.429877897716334,24.808916571835937,25.14403915405273,6230000.0,[],[],[]
2026-04-27,25.15389660010404,25.538301151254277,24.937051464594663,25.11446952819824,8888900.0,[],[],[]
2026-04-28,24.779345279623094,26.109978787666666,24.286518193680003,25.489017486572266,10784800.0,[],[],[]
2026-04-29,25.39045225830833,25.538300011383548,25.006047724315515,25.272172927856445,7473800.0,[],[],[]
2026-04-30,25.24260479988766,25.893136425001174,24.927195754982467,25.8339958190918,6222300.0,[],[],[]
2026-05-01,25.91284836695303,26.08040776676795,25.479160016882282,25.518585205078125,3411500.0,[],[],[]
2026-05-04,25.370737865558862,26.188830743570783,25.370737865558862,25.66643524169922,3876200.0,[],[],[]
2026-05-05,25.843853014848744,26.681659479247873,25.696005257598603,26.44510269165039,5289000.0,[],[],[]
2026-05-06,26.957643508911133,27.34204805619438,26.691516416182925,26.957643508911133,5042600.0,[],[],[]
2026-05-07,27.125204630984534,27.29276592386436,26.376107196932747,26.44510269165039,4832000.0,[],[],[]
2026-05-08,26.701373397853846,27.223770819615716,26.405677879112414,27.19420051574707,4883600.0,[],[],[]
2026-05-11,27.26319322552031,27.58845901489257,27.154770669067535,27.58845901489257,3865500.0,[],[],[]
2026-05-12,27.588461512469447,28.051718321093905,27.302622765016217,27.97286605834961,5211400.0,[],[],[]
2026-05-13,27.89401345975584,27.89401345975584,27.056208883179874,27.687026977539062,4838700.0,[],[],[]
2026-05-14,28.061573416856703,28.189709511172463,27.10548955305311,27.332189559936523,4442900.0,[],[],[]
2026-05-15,27.078884754776507,27.108686116824078,26.522605925955222,26.939815521240234,4083500.0,[],[],[]
2026-05-18,26.989481626523496,27.416624994331844,26.830544823805436,27.2080192565918,2694000.0,[],[],[]
2026-05-19,27.049083008391708,27.138485198587922,26.284198445457978,26.294132232666016,7798400.0,[],[],[]
2026-05-20,26.552406004954385,26.97954939742772,26.184865337949123,26.800745010375977,4232800.0,[],[],[]
2026-05-21,26.463003811428514,26.969615609849715,26.353735937422858,26.800745010375977,4385700.0,[],[],[]
2026-05-22,26.890146887055717,27.11861831462921,26.820612269505197,26.87027931213379,2603600.0,[],[],[]
2026-05-26,27.128550893682185,27.515961008698163,27.11861710666371,27.506027221679688,2666500.0,[],[],[]
2026-05-27,27.684832232608255,27.684832232608255,27.19808613093778,27.426559448242188,2264700.0,[],[],[]
2026-05-28,27.168285762207294,27.972903555663255,26.91994677332912,27.87356758117676,4700500.0,[],[],[]
2026-05-29,27.85370257062062,28.519249257900825,27.60536357578132,28.270910263061523,7973000.0,[],[],[]
2026-06-01,27.8934357599227,28.31064534607293,27.098751736149016,27.436492919921875,8460600.0,[],[],[]
2026-06-02,27.277555476808853,27.90337083219535,26.840480190941104,27.396759033203125,8322900.0,[],[],[]
2026-06-03,26.850413315074803,27.029215803233747,26.54247159144706,26.761011123657227,3928500.0,[],[],[]
2026-06-04,27.029214963081465,28.102041226745577,26.90007952097901,27.98283767700196,2924800.0,[],[],[]
2026-06-05,27.813968305375507,27.90337049793117,27.039149934785172,27.16828727722168,6776500.0,[],[],[]
2026-06-08,27.65503085677248,27.953036895294236,27.257688840518085,27.36695671081543,6029700.0,[],[],[]
2026-06-09,27.70469793147589,28.350380840173166,27.04908313020202,27.724565505981445,6131500.0,[],[],[]
2026-06-10,27.41662659721429,28.09210899559545,27.12855244127328,27.27755546569824,4625900.0,[],[],[]
2026-06-11,27.396757521986647,28.11197313687195,27.148418529983623,28.10204124450684,5253300.0,[],[],[]
2026-06-12,28.449715319451297,28.936459533557198,28.290778510546353,28.727855682373047,3024800.0,[],[],[]
2026-06-15,29.403338081691803,29.6218757203721,28.856991142976746,28.90666007995605,3339800.0,[],[],[]
2026-06-16,29.23446621288487,29.39340301494849,28.89672503483064,29.00599479675293,2901100.0,[],[],[]
2026-06-17,29.01592825749922,29.453005434138504,28.459649420206844,28.59872055053711,5777000.0,[],[],[]
2026-06-18,28.966260837709502,29.105330071553706,27.625229857418535,27.95303726196289,11867800.0,[],[],[]
2026-06-22,28.04243825745558,28.58878517150879,27.873567668701114,28.58878517150879,3656600.0,[],[],[]
2026-06-23,28.022571143084193,28.300711498145564,26.512671501157758,26.840478897094727,11272800.0,[],[],[]
2026-06-24,26.780877054097513,26.89014682122438,25.419980384772998,25.79745483398437,8747200.0,[],[],[]
2026-06-25,26.254398937230036,26.50273793301212,25.539181416784885,25.6981201171875,3990000.0,[],[],[]
2026-06-26,25.976258915926138,26.264333064204735,25.708052342289406,25.98619270324707,6440600.0,[],[],[]
2026-06-29,25.777588232289865,26.244464857064912,25.578916280011548,26.12526130676269,4146600.0,[],[],[]
2026-06-30,26.174931204118316,26.43320399370138,26.075595224328488,26.21466445922852,5008600.0,[],[],[]
2026-07-01,26.164996822067074,27.21795363668769,26.055727057313817,26.65174102783203,5218500.0,[],[],[]
2026-07-02,27.26762259002817,27.496094012223782,26.413335835256177,26.83054542541504,3173000.0,[],[],[]
2026-07-06,26.9696153413733,27.76430128761722,26.790810956101495,27.645097732543945,2860300.0,[],[],[]
2026-07-07,27.674899391169113,27.72456643442007,26.95968184242742,27.21795463562012,4009600.0,[],[],[]
2026-07-08,26.770943967501328,27.088817572593662,26.36366817414226,26.85041236877441,6745500.0,[],[],[]
2026-07-09,27.098752730766503,28.509318345744532,27.098752730766503,28.4199161529541,4557100.0,[],[],[]
2026-07-10,29.13513149243923,29.482806472427296,28.618585916152753,28.78745651245117,3991900.0,[],[],[]
2026-07-13,28.88679180205075,28.95632641745308,27.97290422531423,28.2113094329834,4766200.0,[],[],[]
2026-07-14,28.409982365012997,28.62852000589938,28.171577149134325,28.53911781311035,4108500.0,[],[],[]
2026-07-15,29.105330212448777,30.327159539552625,28.797390381156106,30.09868621826172,6265000.0,[],[],[]
2026-07-16,29.800680174388326,30.81390375503982,29.800680174388326,30.09868621826172,4669200.0,[],[],[]
2026-07-17,29.552341449145985,29.721212047499584,29.11526427199381,29.43313789367676,5798600.0,[],[],[]
2026-07-20,29.562274285966264,29.94968251309919,29.323869077370908,29.46293830871582,4647100.0,[],[],[]
2026-07-21,29.72121050075889,30.178153334479017,29.433136361927918,29.900014877319336,4380700.0,[],[],[]
2026-07-22,29.800679566430265,30.456294365317635,29.721211163373496,30.2973575592041,5695800.0,[],[],[]
2026-07-23,29.929814303932105,30.287423056578692,29.56227365897968,29.602006912231445,3558100.0,[],[],[]
2026-07-24,29.86028130717293,30.168223036266017,29.611942303200188,29.73114585876465,3335800.0,[],[],[]
2026-07-27,30.18808872831197,30.426493944856908,29.453005503629353,29.909950256347656,7346200.0,[],[],[]
2026-07-28,29.68147560323122,30.158287909641135,28.866924009516996,29.23446655273437,8538400.0,[],[],[]
2026-07-29,28.797390567245603,29.174866912912467,27.67489910708094,27.88350296020508,6412800.0,[],[],[]
2026-07-30,28.300711714177783,29.38346988668123,27.962970528552336,29.224533081054688,4394300.0,[],[],[]
2026-07-31,29.532472922782922,29.72121109008088,29.095397654386623,29.40333747863769,4722900.0,[],[],[]
2026-08-03,29.47287250396713,30.714567500098752,29.453004929306747,30.704633712768555,4767300.0,[],[],[]
2026-08-04,31.14171064838638,31.846994386131882,31.05230845776123,31.787391662597656,5865700.0,[],[],[]
2026-08-05,31.787391334451723,32.22446660113359,31.53905233965132,31.79732322692871,6861900.0,[],[],[]
2026-08-06,31.787391962304195,32.333737003785814,31.469518345829346,31.47945213317871,5207700.0,[],[],[]
2026-08-07,31.618521034449312,31.707923224977897,31.310581208559864,31.37018203735352,4619400.0,[],[],[]
2026-08-10,31.2410472342602,31.956260983828056,30.992708232063144,31.52911949157715,4184700.0,[],[],[]
2026-08-11,31.499316826002314,32.035729957999415,31.13177617897569,31.15164375305176,3474600.0,[],[],[]
2026-08-12,31.499316846362102,31.59865282213053,30.893370994059385,31.33044815063477,6381500.0,[],[],[]
2026-08-13,31.48938565563046,32.194667499416475,31.439716719301472,32.14500045776367,3746500.0,[],[],[]
2026-08-14,32.0,32.65999984741211,31.89999961853028,32.54999923706055,4434200.0,[],[],[]
2026-08-17,32.439998626708984,32.79999923706055,32.15999984741211,32.56999969482422,4047800.0,[],[],[]
2026-08-18,32.40999984741211,32.619998931884766,31.920000076293945,32.380001068115234,4061100.0,[],[],[]
2026-08-19,32.79999923706055,32.79999923706055,32.08000183105469,32.209999084472656,3267500.0,[],[],[]
2026-08-20,32.119998931884766,32.349998474121094,31.200000762939453,31.36000061035156,4467500.0,[],[],[]
2026-08-21,31.88999938964844,32.31999969482422,31.71999931335449,32.02000045776367,3094600.0,[],[],[]
2026-08-24,32.06999969482422,32.63999938964844,31.899999618530277,32.45000076293945,2803400.0,[],[],[]
2026-08-25,32.56999969482422,33.0,32.380001068115234,32.720001220703125,2917200.0,[],[],[]
2026-08-26,32.72999954223633,33.310001373291016,32.369998931884766,32.97999954223633,3622100.0,[],[],[]
2026-08-27,32.95000076293945,33.650001525878906,32.849998474121094,33.310001373291016,2628800.0,[],[],[]
2026-08-28,33.40999984741211,33.65999984741211,32.63999938964844,32.86000061035156,2777100.0,[],[],[]
2026-08-31,32.720001220703125,32.939998626708984,32.5,32.779998779296875,4394700.0,[],[],[]
2026-09-01,32.290000915527344,33.27000045776367,31.56999969482422,31.989999771118164,4820500.0,[],[],[]
2026-09-02,31.989999771118164,32.720001220703125,31.649999618530277,31.71999931335449,3021400.0,[],[],[]
2026-09-03,32.18000030517578,32.79999923706055,32.15999984741211,32.709999084472656,3470200.0,[],[],[]
2026-09-04,32.31999969482422,33.34000015258789,32.29999923706055,33.06999969482422,2860600.0,[],[],[]
2026-09-08,33.0,33.2599983215332,32.31999969482422,32.34000015258789,2405800.0,[],[],[]
2026-09-09,32.38999938964844,32.560001373291016,32.08000183105469,32.09000015258789,2998600.0,[],[],[]
2026-09-10,31.940000534057617,32.41999816894531,31.6299991607666,31.93000030517578,3383700.0,[],[],[]
2026-09-11,32.599998474121094,32.849998474121094,32.15999984741211,32.279998779296875,3286700.0,[],[],[]
2026-09-14,31.71999931335449,31.940000534057617,31.11000061035156,31.51000022888184,3538000.0,[],[],[]
2026-09-15,31.3799991607666,31.56999969482422,30.6200008392334,30.780000686645508,4368300.0,[],[],[]
2026-09-16,30.86000061035156,31.049999237060547,29.559999465942383,30.07999992370605,4676600.0,[],[],[]
2026-09-17,30.649999618530277,30.82999992370605,30.209999084472656,30.21999931335449,4208100.0,[],[],[]
2026-09-18,30.209999084472656,30.6299991607666,29.90999984741211,30.530000686645508,6942600.0,[],[],[]
2026-09-21,31.059999465942383,31.459999084472656,30.8799991607666,31.3799991607666,4190700.0,[],[],[]
2026-09-23,30.399999618530277,30.950000762939453,30.25,30.739999771118164,4318800.0,[],[],[]
2026-09-24,30.5,30.729999542236328,30.01000022888184,30.68000030517578,6970000.0,[],[],[]
